0 0.306250 0.271875 0.040625 0.050000
0 0.770312 0.285938 0.050000 0.040625
0 0.055469 0.582812 0.042188 0.065625
0 0.205469 0.587500 0.045312 0.068750
0 0.303125 0.539062 0.034375 0.040625
0 0.381250 0.534375 0.028125 0.040625
0 0.347656 0.645312 0.035937 0.046875
0 0.247656 0.790625 0.042188 0.056250
0 0.343750 0.792188 0.028125 0.050000
0 0.728125 0.810937 0.040625 0.043750
0 0.825781 0.800000 0.039062 0.062500
0 0.972656 0.614062 0.039062 0.071875
0 0.814844 0.609375 0.048438 0.081250
0 0.701562 0.657813 0.037500 0.053125
0 0.706250 0.540625 0.028125 0.050000
0 0.737500 0.546875 0.040625 0.043750
