0 0.358594 0.814844 0.054688 0.048438
0 0.751563 0.922656 0.043750 0.039062
0 0.771875 0.813281 0.050000 0.039062
0 0.676562 0.531250 0.053125 0.040625
0 0.672656 0.610156 0.039062 0.026562
0 0.820312 0.262500 0.050000 0.068750
0 0.836719 0.069531 0.064062 0.042188
0 0.077344 0.197656 0.029687 0.045312
0 0.357812 0.207031 0.050000 0.045312
0 0.280469 0.257031 0.051562 0.048438
0 0.562500 0.178906 0.025000 0.039062
0 0.157031 0.603906 0.035937 0.051562
0 0.396094 0.637500 0.048438 0.050000
0 0.567187 0.582031 0.025000 0.039062
