0 0.198437 0.314063 0.043750 0.053125
0 0.269531 0.389062 0.035937 0.053125
0 0.613281 0.397656 0.032813 0.051562
0 0.749219 0.353125 0.042188 0.040625
0 0.049219 0.573438 0.035937 0.053125
0 0.203906 0.573438 0.039062 0.053125
0 0.175000 0.557031 0.031250 0.045312
0 0.272656 0.557813 0.039062 0.053125
0 0.266406 0.719531 0.032813 0.048438
0 0.236719 0.782813 0.035937 0.046875
0 0.678906 0.757812 0.045312 0.040625
0 0.617188 0.709375 0.037500 0.043750
0 0.620313 0.552344 0.028125 0.048438
0 0.703125 0.552344 0.034375 0.060937
0 0.779687 0.573438 0.056250 0.068750
0 0.914062 0.571875 0.037500 0.065625
