0 0.193750 0.233594 0.059375 0.048438
0 0.355469 0.264062 0.032813 0.037500
0 0.471094 0.212500 0.067187 0.056250
0 0.512500 0.248438 0.043750 0.034375
0 0.676562 0.259375 0.050000 0.037500
0 0.728125 0.206250 0.056250 0.050000
0 0.735156 0.038281 0.054688 0.042188
0 0.671875 0.160156 0.050000 0.032813
0 0.242188 0.793750 0.068750 0.046875
0 0.384375 0.625000 0.040625 0.040625
0 0.500781 0.678125 0.048438 0.043750
0 0.470313 0.798438 0.056250 0.050000
0 0.722656 0.810937 0.057813 0.053125
0 0.709375 0.947656 0.053125 0.039062
0 0.676562 0.704688 0.037500 0.034375
0 0.671875 0.625000 0.046875 0.043750
