0 0.342969 0.091406 0.039062 0.045312
0 0.344531 0.242969 0.032813 0.042188
0 0.587500 0.185156 0.031250 0.045312
0 0.733594 0.129688 0.032813 0.040625
0 0.619531 0.253906 0.023438 0.042188
0 0.586719 0.292187 0.048438 0.037500
0 0.518750 0.328125 0.046875 0.025000
0 0.515625 0.397656 0.034375 0.035937
0 0.514062 0.682031 0.037500 0.032813
0 0.579688 0.712500 0.043750 0.043750
0 0.333594 0.826562 0.042188 0.043750
0 0.331250 0.885156 0.037500 0.035937
0 0.510156 0.754687 0.035937 0.034375
0 0.577344 0.825781 0.045312 0.035937
0 0.685937 0.860156 0.031250 0.035937
