0 0.805469 0.283594 0.032813 0.054688
0 0.648438 0.382812 0.031250 0.040625
0 0.046875 0.555469 0.046875 0.064062
0 0.153906 0.553125 0.029687 0.062500
0 0.197656 0.560937 0.048438 0.075000
0 0.252344 0.551562 0.029687 0.059375
0 0.590625 0.551562 0.034375 0.053125
0 0.671094 0.546875 0.039062 0.050000
0 0.744531 0.560156 0.039062 0.073438
0 0.873437 0.567187 0.037500 0.062500
0 0.582812 0.708594 0.031250 0.048438
0 0.645312 0.748437 0.031250 0.040625
0 0.241406 0.714063 0.042188 0.028125
0 0.219531 0.782031 0.039062 0.051562
