0 0.294531 0.273438 0.048438 0.053125
0 0.485156 0.373437 0.045312 0.059375
0 0.689063 0.249219 0.059375 0.060937
0 0.678906 0.154688 0.067187 0.043750
0 0.623437 0.400781 0.043750 0.042188
0 0.625000 0.476562 0.040625 0.046875
0 0.377344 0.472656 0.045312 0.039062
0 0.503125 0.478906 0.040625 0.042188
0 0.234375 0.742969 0.059375 0.060937
0 0.351562 0.800000 0.043750 0.056250
0 0.489844 0.771875 0.051562 0.050000
0 0.496875 0.810937 0.046875 0.040625
0 0.639844 0.801562 0.045312 0.046875
0 0.713281 0.741406 0.054688 0.064062
0 0.646875 0.895312 0.040625 0.034375
0 0.720313 0.907031 0.068750 0.045312
