0 0.584375 0.706250 0.050000 0.040625
0 0.568750 0.725000 0.037500 0.025000
0 0.157031 0.713281 0.042188 0.035937
0 0.259375 0.725000 0.040625 0.043750
0 0.236719 0.450781 0.042188 0.057813
0 0.182031 0.360938 0.039062 0.034375
0 0.353125 0.453125 0.053125 0.053125
0 0.267969 0.461719 0.035937 0.026562
0 0.404687 0.569531 0.028125 0.039062
0 0.328125 0.581250 0.028125 0.046875
0 0.569531 0.407031 0.042188 0.032813
0 0.564844 0.461719 0.042188 0.026562
0 0.719531 0.559375 0.039062 0.056250
0 0.792969 0.556250 0.023438 0.050000
0 0.834375 0.446094 0.059375 0.079687
0 0.958594 0.441406 0.045312 0.067187
