0 0.304688 0.269531 0.050000 0.054688
0 0.767969 0.287500 0.051562 0.043750
0 0.053125 0.582031 0.053125 0.079687
0 0.203125 0.585938 0.050000 0.071875
0 0.300781 0.534375 0.032813 0.062500
0 0.382812 0.532813 0.043750 0.056250
0 0.345313 0.643750 0.034375 0.050000
0 0.251563 0.787500 0.037500 0.050000
0 0.342187 0.786719 0.037500 0.060937
0 0.719531 0.804688 0.048438 0.059375
0 0.823438 0.802344 0.037500 0.057813
0 0.701562 0.657813 0.040625 0.053125
0 0.705469 0.539844 0.029687 0.057813
0 0.737500 0.546875 0.046875 0.050000
0 0.812500 0.610938 0.053125 0.078125
0 0.970313 0.613281 0.056250 0.079687
