0 0.077344 0.200781 0.042188 0.057813
0 0.352344 0.203125 0.076563 0.056250
0 0.278906 0.256250 0.076563 0.043750
0 0.160938 0.607812 0.037500 0.053125
0 0.401562 0.639844 0.050000 0.042188
0 0.359375 0.814063 0.068750 0.040625
0 0.765625 0.814063 0.053125 0.053125
0 0.753125 0.917969 0.059375 0.045312
0 0.682031 0.531250 0.045312 0.037500
0 0.678906 0.610938 0.042188 0.028125
0 0.817969 0.255469 0.079687 0.076563
0 0.685937 0.167187 0.065625 0.050000
0 0.845313 0.070312 0.087500 0.062500
0 0.563281 0.177344 0.042188 0.042188
