0 0.051562 0.575781 0.062500 0.082812
0 0.175781 0.560156 0.029687 0.060937
0 0.207813 0.575781 0.050000 0.089063
0 0.275000 0.553125 0.037500 0.075000
0 0.239844 0.782813 0.039062 0.053125
0 0.267188 0.725781 0.046875 0.048438
0 0.620313 0.554688 0.031250 0.040625
0 0.703906 0.557031 0.035937 0.076563
0 0.779687 0.571094 0.046875 0.095312
0 0.912500 0.574219 0.034375 0.082812
0 0.614062 0.710156 0.050000 0.054688
0 0.684375 0.757031 0.040625 0.067187
0 0.615625 0.400781 0.040625 0.064062
0 0.750781 0.350000 0.045312 0.062500
0 0.266406 0.390625 0.045312 0.046875
0 0.199219 0.313281 0.054688 0.067187
