0 0.193750 0.232031 0.078125 0.054688
0 0.471875 0.212500 0.071875 0.056250
0 0.513281 0.246875 0.054688 0.043750
0 0.675000 0.164844 0.075000 0.035937
0 0.739062 0.038281 0.075000 0.051562
0 0.733594 0.204687 0.079687 0.059375
0 0.674219 0.262500 0.057813 0.046875
0 0.352344 0.264844 0.048438 0.039062
0 0.382031 0.622656 0.048438 0.032813
0 0.237500 0.798438 0.065625 0.053125
0 0.466406 0.801562 0.070312 0.062500
0 0.713281 0.946094 0.073438 0.045312
0 0.722656 0.808594 0.070312 0.057813
0 0.672656 0.699219 0.051562 0.042188
0 0.676562 0.620313 0.062500 0.046875
