0 0.046094 0.556250 0.051562 0.075000
0 0.156250 0.553125 0.031250 0.043750
0 0.195312 0.560937 0.046875 0.078125
0 0.250000 0.553125 0.031250 0.056250
0 0.588281 0.555469 0.035937 0.054688
0 0.665625 0.544531 0.034375 0.057813
0 0.745313 0.563281 0.053125 0.076563
0 0.867188 0.566406 0.043750 0.067187
0 0.214844 0.775781 0.039062 0.054688
0 0.243750 0.717969 0.040625 0.042188
0 0.587500 0.708594 0.034375 0.054688
0 0.647656 0.753906 0.032813 0.048438
0 0.646875 0.377344 0.034375 0.039062
0 0.803906 0.279687 0.026562 0.065625
