0 0.294531 0.275000 0.064062 0.043750
0 0.677344 0.156250 0.079687 0.043750
0 0.685937 0.244531 0.081250 0.045312
0 0.480469 0.368750 0.060937 0.031250
0 0.625000 0.400000 0.059375 0.031250
0 0.629687 0.470313 0.062500 0.040625
0 0.369531 0.468750 0.054688 0.031250
0 0.505469 0.477344 0.060937 0.042188
0 0.236719 0.740625 0.089063 0.053125
0 0.356250 0.801562 0.056250 0.034375
0 0.485938 0.765625 0.056250 0.050000
0 0.497656 0.809375 0.073438 0.043750
0 0.723437 0.742969 0.100000 0.048438
0 0.648438 0.803906 0.050000 0.042188
0 0.653125 0.899219 0.053125 0.032813
0 0.722656 0.913281 0.073438 0.048438
