0 0.167187 0.256250 0.062500 0.081250
0 0.245312 0.123438 0.050000 0.040625
0 0.253125 0.237500 0.046875 0.043750
0 0.350781 0.235937 0.042188 0.053125
0 0.679688 0.244531 0.034375 0.051562
0 0.762500 0.248438 0.034375 0.046875
0 0.763281 0.128906 0.045312 0.023438
0 0.868750 0.267969 0.056250 0.060937
0 0.285156 0.636719 0.045312 0.042188
0 0.215625 0.802344 0.059375 0.067187
0 0.292187 0.715625 0.046875 0.037500
0 0.366406 0.708594 0.032813 0.048438
0 0.796875 0.844531 0.046875 0.067187
0 0.725000 0.739844 0.028125 0.042188
