0 0.078906 0.192188 0.042188 0.053125
0 0.353125 0.203125 0.078125 0.056250
0 0.277344 0.257812 0.110937 0.046875
0 0.568750 0.183594 0.043750 0.051562
0 0.689063 0.172656 0.046875 0.048438
0 0.836719 0.066406 0.098437 0.045312
0 0.825000 0.256250 0.090625 0.062500
0 0.156250 0.604688 0.043750 0.059375
0 0.404687 0.637500 0.068750 0.037500
0 0.683594 0.533594 0.054688 0.048438
0 0.684375 0.605469 0.046875 0.032813
0 0.771875 0.815625 0.078125 0.062500
0 0.757031 0.917969 0.070312 0.045312
0 0.355469 0.814844 0.064062 0.035937
0 0.571875 0.580469 0.028125 0.057813
