0 0.056250 0.571094 0.059375 0.085938
0 0.209375 0.567187 0.046875 0.068750
0 0.175000 0.560156 0.028125 0.054688
0 0.198437 0.317188 0.046875 0.096875
0 0.267969 0.392969 0.048438 0.054688
0 0.608594 0.403906 0.042188 0.064062
0 0.752344 0.354687 0.035937 0.062500
0 0.777344 0.575781 0.048438 0.073438
0 0.910156 0.580469 0.039062 0.085938
0 0.619531 0.550781 0.042188 0.048438
0 0.700000 0.547656 0.028125 0.054688
0 0.273438 0.554688 0.031250 0.059375
0 0.268750 0.725000 0.034375 0.056250
0 0.243750 0.785156 0.043750 0.051562
0 0.618750 0.711719 0.040625 0.051562
0 0.682031 0.756250 0.045312 0.043750
