0 0.193750 0.232813 0.065625 0.053125
0 0.466406 0.212500 0.067187 0.056250
0 0.512500 0.244531 0.046875 0.039062
0 0.724219 0.200781 0.057813 0.048438
0 0.668750 0.256250 0.046875 0.043750
0 0.673438 0.162500 0.059375 0.031250
0 0.734375 0.035156 0.071875 0.051562
0 0.353125 0.262500 0.059375 0.034375
0 0.239063 0.797656 0.068750 0.045312
0 0.388281 0.622656 0.048438 0.032813
0 0.504687 0.675781 0.062500 0.048438
0 0.676562 0.620313 0.043750 0.050000
0 0.675000 0.702344 0.071875 0.035937
0 0.719531 0.808594 0.067187 0.060937
0 0.705469 0.943750 0.067187 0.050000
0 0.472656 0.796094 0.067187 0.051562
