0 0.303125 0.271875 0.062500 0.065625
0 0.774219 0.285938 0.064062 0.059375
0 0.705469 0.539844 0.032813 0.051562
0 0.725000 0.542969 0.046875 0.064062
0 0.814063 0.609375 0.053125 0.068750
0 0.967969 0.618750 0.045312 0.087500
0 0.698438 0.657813 0.043750 0.053125
0 0.731250 0.811719 0.053125 0.067187
0 0.818750 0.805469 0.037500 0.051562
0 0.344531 0.789062 0.042188 0.053125
0 0.244531 0.787500 0.045312 0.059375
0 0.053125 0.582812 0.046875 0.071875
0 0.203125 0.586719 0.046875 0.082812
0 0.307031 0.540625 0.035937 0.065625
0 0.382812 0.532031 0.046875 0.060937
0 0.344531 0.646875 0.042188 0.056250
